Cell_1	Cell_2	Cell_3	Cell_5	Cell_7	Cell_9	Cell_11	Cell_12	Cell_13	Cell_14	Cell_15	Cell_16	Cell_17	Cell_18	Cell_20	Cell_22	Cell_23	Cell_24	Cell_25	Cell_28	Cell_29	Cell_30	Cell_32	Cell_33	Cell_34	Cell_35	Cell_37	Cell_38	Cell_39	Cell_40	Cell_41	Cell_42	Cell_43	Cell_45	Cell_46	Cell_47	Cell_48	Cell_50	Cell_51	Cell_52	Cell_53	Cell_54	Cell_55	Cell_56	Cell_57	Cell_58	Cell_59	Cell_60	Cell_61	Cell_62	Cell_63	Cell_64	Cell_65	Cell_66	Cell_69	Cell_70	Cell_71	Cell_72	Cell_73	Cell_74	Cell_75	Cell_77	Cell_78	Cell_79	Cell_80	Cell_81	Cell_82	Cell_83	Cell_85	Cell_86	Cell_88	Cell_89	Cell_90	Cell_91	Cell_92	Cell_94	Cell_95	Cell_98	Cell_99	Cell_100	Cell_102	Cell_103	Cell_104	Cell_105	Cell_106	Cell_107	Cell_108	Cell_109	Cell_110	Cell_111	Cell_112	Cell_113	Cell_114	Cell_115	Cell_116	Cell_117	Cell_118	Cell_119	Cell_120	Cell_123
651	935	1047	807	1734	490	1451	906	484	1885	1757	1513	678	1329	1849	791	949	1098	713	888	492	1308	1179	558	992	1535	1071	1305	1229	1400	905	1016	929	877	1699	933	1339	636	1358	1355	740	1526	1151	1458	525	1156	931	550	623	974	884	716	1056	1421	472	859	227	1038	1369	1865	1006	980	1172	789	744	975	1184	1627	1128	1370	1927	428	799	1009	864	377	583	573	557	723	934	528	807	576	1039	873	934	1090	1656	1646	1353	430	676	950	849	594	1205	864	1309	1004
733	1459	1076	1506	1967	210	526	1184	431	1743	1407	1396	558	2053	1841	526	788	879	1194	893	682	1163	1630	736	1001	1841	1232	818	1435	1350	717	818	754	1018	1344	1202	1345	583	1315	1557	872	1170	1376	1055	427	940	850	956	672	831	625	700	735	1581	480	740	1003	604	1358	1776	1787	603	1138	1418	1223	803	1403	1383	1450	890	2187	630	204	840	1059	504	596	621	366	571	1004	730	963	1073	1081	839	857	932	1705	1368	1769	612	781	1005	895	641	1337	1017	1284	813
822	1230	1189	1416	1951	738	878	1323	702	1629	1374	1640	635	1561	1997	750	898	659	900	1102	524	1188	1461	732	930	2020	1331	1830	1503	1549	782	874	879	1000	1632	1494	1321	665	1601	1345	1018	1710	1253	1451	494	735	582	896	752	846	911	1196	266	1815	568	785	778	983	1286	1508	1927	888	1330	1421	1322	1224	1891	749	1273	927	2039	555	338	1397	879	407	339	552	326	793	869	694	750	790	949	941	1163	599	1996	1356	1506	791	1279	1149	1164	703	1303	1208	1399	1193
1130	927	844	1434	1664	607	1055	946	694	1229	1995	1416	531	1575	1120	1057	752	705	1197	696	778	1052	1405	779	594	1506	1661	1158	1354	1337	558	1077	852	780	1398	1554	1530	826	855	1236	760	1596	1132	1645	669	884	879	740	647	1119	866	875	1708	1966	800	915	127	604	1083	1860	981	690	1577	1483	1514	715	1386	1626	1349	606	1971	249	486	1053	1055	573	461	761	780	442	713	456	1074	686	1125	1404	1213	1156	1988	1109	1043	779	907	643	898	421	1230	1246	1177	1972
973	550	1157	1584	1570	682	1004	1090	801	1523	1513	1186	784	1847	1675	1053	785	436	1021	1060	722	1321	1595	819	837	1909	1325	1545	1147	1429	663	846	946	919	1353	1629	1893	469	1579	1560	1223	1734	1487	1711	827	868	810	1095	487	743	619	814	1314	1352	826	880	394	989	1377	1765	1568	657	1358	1257	1355	943	1095	1679	1164	1250	1857	498	391	821	1078	468	479	703	491	374	689	844	1069	717	1010	716	942	1303	1546	1673	1194	498	866	962	1089	552	1174	1250	1204	1463
723	1022	1052	1513	2203	357	571	786	1259	1472	1413	1503	674	1117	1094	630	706	655	793	1090	573	1318	1708	610	1161	1545	1190	1403	1486	1470	326	698	952	866	1272	1345	964	890	1575	1643	968	1544	1292	1412	695	1065	999	935	653	645	942	1132	964	1087	588	511	698	662	1327	1372	994	691	1349	1751	1382	1130	1365	863	1301	734	1799	399	275	909	998	536	603	440	406	534	727	835	625	572	516	841	840	691	1324	1441	1155	341	810	962	968	982	1238	1068	1127	1646
966	897	1475	1690	1783	437	997	1088	1284	1688	1304	2300	1188	1688	1681	789	1163	753	952	1045	1062	1505	1494	539	753	1507	1309	1688	1393	1239	564	1371	1219	1198	1272	1629	1384	655	1477	1571	1610	1667	1894	1680	474	636	891	1276	897	662	1056	844	1173	1347	516	765	824	905	1383	2236	1438	972	1334	1502	896	821	1641	1222	1098	1980	2189	807	281	797	1050	449	385	645	346	642	839	838	882	599	667	937	999	1536	2139	1029	2118	568	504	1082	1145	694	1215	1124	1486	1602
727	981	1065	1690	1652	489	1140	909	1245	1686	1215	1743	750	1155	1581	916	1293	807	1322	1072	808	1104	1071	438	799	2095	861	2049	1310	593	1023	799	856	937	2112	1573	1448	721	1391	1265	964	1592	1626	1673	608	774	974	1079	706	1016	805	900	934	1691	578	1180	641	1133	1243	1630	1967	556	1136	995	1094	811	1410	1501	1542	965	1683	489	398	764	1199	205	532	356	682	586	674	801	626	734	802	1273	1168	848	1694	1266	1711	736	446	590	508	863	1231	830	1229	1972
1101	1683	1355	1417	2006	635	972	1772	1244	1568	1751	1710	610	1909	1441	818	1445	1012	837	818	562	1060	1763	735	1140	1882	1223	1774	1432	882	843	1251	589	1157	1723	1838	1748	814	1293	1892	1285	1750	1892	1587	614	1179	844	649	619	830	741	831	1152	1370	926	739	964	704	1336	2211	2261	676	1610	1691	1007	1068	1646	1842	1818	1579	2149	530	607	1416	1382	613	833	581	478	730	861	868	1087	639	1210	1228	1582	703	1778	1700	1673	436	613	986	926	1322	1454	1215	1658	1965
812	967	908	1708	1514	597	1032	705	719	1454	1681	1433	760	1565	1527	853	1003	847	791	1018	669	1194	1588	585	890	2092	1295	1192	1066	1146	859	960	835	892	1306	1788	1589	860	1156	1357	855	1250	1420	1848	498	684	1007	1101	614	630	604	923	1277	2073	726	648	721	672	1409	1771	936	693	900	1229	1039	863	1480	976	1525	719	1650	642	1100	1420	973	329	673	425	266	597	482	886	656	420	740	742	1038	1097	1339	1261	694	748	759	557	870	619	1214	1367	1120	1520
574	1043	1089	1483	2007	611	633	946	343	998	1174	1473	912	1474	1860	857	863	910	994	797	533	1000	1219	764	818	1488	1059	1858	1835	1363	965	841	860	957	1692	1299	1620	864	1185	1486	1128	1752	1438	1546	569	963	860	906	510	953	610	600	679	1666	556	845	670	686	824	1997	1744	677	1668	1206	1003	822	1723	1219	1438	1155	1565	447	1287	1009	1370	460	584	560	375	787	725	839	442	561	545	649	1206	800	1442	1557	1215	513	666	981	711	989	1214	877	619	1357
743	1053	975	1052	1940	554	1060	832	433	1836	1568	1108	1179	1425	1470	971	808	480	870	1064	739	1077	1309	558	863	1194	1122	1986	886	1719	872	847	556	1008	1800	1287	1674	549	1548	1274	711	947	1577	1365	631	711	996	1006	617	678	690	726	929	1858	381	509	952	974	1405	1554	1514	710	1301	939	1228	932	1391	873	1014	1508	1814	443	371	813	820	219	656	734	539	400	935	605	486	595	996	994	859	1304	1443	1272	1284	679	678	1159	911	829	882	1153	1218	1484
713	1287	1034	1473	1943	302	969	905	438	1959	1716	1626	955	1651	1422	733	801	766	575	772	800	1275	1654	626	821	1741	1239	1714	1362	904	653	929	766	811	1634	1534	1365	673	1265	1314	886	819	1153	1624	482	862	937	947	337	817	764	871	1503	1889	437	1143	800	699	1263	1752	1400	1114	1829	1312	970	1023	1476	1337	1096	666	1909	572	513	761	921	429	533	436	528	841	425	478	988	699	638	1040	899	898	1698	1543	1692	586	935	722	896	643	835	901	903	1465
701	854	1354	2045	1741	586	1137	917	568	1115	1312	1442	483	1239	1427	559	862	753	1004	884	660	876	1400	678	819	1961	819	1527	1479	1328	613	1069	1141	686	1556	1482	1162	1034	1115	1434	922	1985	1003	1444	791	1298	754	976	647	715	716	783	1052	1350	496	1213	595	691	1187	1775	730	676	1478	1149	1043	1243	1444	1390	1584	552	1815	658	535	556	877	566	534	425	659	773	641	750	972	540	908	1263	897	763	1387	1105	1176	685	107	746	1036	845	1371	991	1051	1777
600	1432	1539	1569	2003	597	1009	785	808	1895	1614	696	567	1670	1490	895	1018	992	1020	716	834	957	1384	581	657	1713	1180	1115	1653	1076	996	642	880	947	905	1427	1373	884	1713	1230	1148	1338	1135	1720	845	663	881	938	458	527	614	816	1043	1258	579	662	687	873	1317	1909	717	675	1440	1049	1402	1022	1111	1433	909	931	2264	332	468	681	1102	349	412	631	423	558	462	507	823	759	777	705	1002	1138	1773	1829	1725	325	784	999	553	1135	1387	1116	1031	1400
517	1242	1247	1595	1973	430	512	1342	729	1555	1134	1662	769	1866	1347	772	852	783	595	680	744	1110	1576	603	856	1392	1022	1433	1150	807	1047	1073	780	805	1328	959	1738	708	1094	1344	1039	1205	1157	1323	409	726	612	693	359	712	807	1092	999	1312	687	441	950	781	1054	1800	1282	590	1317	931	1132	737	673	1201	1273	925	1366	535	672	860	434	453	271	489	422	518	813	626	759	727	1186	1063	1228	1029	1595	1304	1226	446	542	917	1037	725	927	1176	1252	1920
688	882	951	1535	1681	668	776	826	781	1651	1027	1589	710	1225	1446	1072	1203	960	1243	1237	767	1479	1082	871	973	1828	1233	1137	1043	1331	1526	964	624	1157	1599	1638	1161	612	1025	1201	940	1532	1509	1483	471	657	722	812	559	514	696	1295	1217	1353	667	848	752	671	1674	1740	1458	782	1339	1353	1165	869	1343	1352	1259	1100	1946	347	911	883	943	440	546	403	403	541	578	951	698	813	1134	1044	883	1151	2073	1573	1526	476	913	634	733	612	1261	1035	1293	1628
670	1028	1104	1585	1743	316	852	867	451	1600	1388	1035	748	1303	1622	613	1003	742	1012	982	718	911	1157	734	1126	1495	923	1618	1416	1150	770	1060	467	785	1032	1450	916	572	1283	1411	1246	1305	1488	1244	450	460	803	940	404	719	821	713	1015	1653	431	518	611	1031	1355	1924	1347	686	1575	1471	870	695	1758	1320	1397	1504	1190	400	368	805	746	440	601	467	642	545	682	807	662	765	1113	949	494	732	1359	1360	1806	399	818	604	913	865	1200	983	1343	1911
954	978	1263	1500	1663	678	1187	704	459	1172	1287	1799	1281	825	958	1084	1010	952	1016	1038	748	1076	1887	503	1030	2197	870	1954	1297	1871	724	1146	503	876	972	1816	1257	548	1451	1289	811	2116	1615	1865	787	1145	977	981	489	1122	816	446	1023	1671	269	818	1011	1047	1220	1897	1952	759	1745	1114	1064	1193	1667	1055	1117	1533	1590	675	421	1131	1158	725	573	734	530	744	531	820	796	780	1019	855	867	967	1716	1956	1379	822	612	1177	864	717	1279	1615	1414	1254
824	1328	1067	1194	1774	566	978	677	1017	1325	1172	1407	869	1503	1559	893	708	1089	1023	932	590	1287	1103	681	881	1834	1743	1788	1009	1453	519	758	779	1062	1335	1309	824	556	1204	1655	782	1888	1322	1443	695	1175	1049	1157	437	643	806	858	576	1901	717	802	351	1138	1015	1717	1508	527	1545	1192	1231	1066	1087	1901	1504	1216	1919	457	273	969	605	273	488	450	281	489	862	872	885	906	1039	1068	1191	1048	1680	1435	1556	593	1036	937	690	736	1052	1147	721	1764
762	1102	593	1444	577	443	1282	866	270	2031	911	1291	805	1004	899	571	880	589	1094	634	418	862	1582	684	887	1367	1384	1655	859	1312	771	897	284	765	1596	1343	1371	587	868	1366	981	949	1287	1109	788	989	956	849	340	416	819	548	1110	1323	508	352	365	875	1264	1213	1346	618	1237	1174	859	726	1355	1252	1126	1103	1677	423	406	384	820	503	640	564	102	630	680	630	800	688	442	929	736	675	1702	909	1269	481	840	723	751	584	941	878	1053	1135
725	878	843	1510	1386	521	963	738	284	1751	901	1538	1148	1471	1383	639	879	661	1352	977	650	1721	1092	576	881	1786	1322	1522	1520	1384	433	608	676	656	2094	1470	1232	722	972	1429	643	1323	846	1153	557	730	1009	1118	517	777	483	933	1517	1482	460	311	1034	686	953	2075	524	647	1282	1223	1356	1268	1629	1220	1432	1486	1389	738	635	839	887	669	443	599	550	505	565	700	998	821	817	982	992	863	1219	1536	1329	763	1021	589	749	989	1228	1343	1268	1172
892	1052	1052	1253	1788	559	802	1104	932	1184	1051	1421	1259	1203	1507	922	653	938	1087	855	654	1138	1513	765	942	2034	1205	1854	1426	1265	674	714	748	907	1275	1275	1328	675	472	1368	854	910	1735	1516	518	1223	882	756	624	774	739	535	1182	1192	601	615	433	807	890	1529	1321	550	1293	1018	1740	1153	1212	1486	835	1733	888	644	818	766	950	541	463	404	433	500	722	707	787	748	1161	1062	1217	979	1534	1029	994	522	673	489	847	902	1073	834	1384	1425
549	1143	815	1475	1485	542	1006	735	1233	1455	1154	1125	465	1272	1451	702	671	641	1216	1297	1083	935	1054	703	975	1750	1376	1693	1521	857	534	816	821	510	1490	1405	971	581	1164	1503	524	1612	1306	1364	665	913	834	557	799	801	851	636	1428	1432	730	497	634	712	879	1893	1196	630	1368	1207	1148	1047	1272	1344	779	763	1972	343	770	839	465	431	352	258	502	528	804	941	705	891	703	942	874	1046	1269	1008	1425	558	706	714	703	801	1595	702	955	1492
770	910	939	1410	1581	429	639	898	870	1574	1129	1865	612	1388	1537	585	851	1014	1034	727	982	974	1097	408	985	1629	837	1289	986	1095	762	509	823	399	1281	1389	925	675	1082	1298	730	1249	1198	1610	357	1002	729	620	415	742	890	809	1271	1261	832	771	1031	1127	1360	1734	1559	550	1589	872	831	1104	1618	1532	1060	594	1862	388	976	707	827	325	323	257	662	667	828	864	760	629	795	702	698	919	1716	1044	1522	304	612	507	861	715	1313	1053	944	1790
895	1224	966	1796	1501	598	1440	545	1285	1357	1185	1115	630	1373	1571	657	914	891	821	840	640	1166	1197	751	787	2073	1291	1936	1374	1153	725	948	317	898	1572	1849	1654	945	1589	1493	1192	1296	1275	1357	657	779	661	941	710	571	804	1036	862	2100	581	442	520	455	1138	1899	999	630	1272	1117	1823	1128	1246	841	1031	918	1770	511	766	483	720	201	778	568	209	540	668	750	812	920	781	1216	854	1270	1586	824	1333	480	1031	773	380	847	1296	1565	809	2198
806	778	1144	1085	1448	484	846	1144	985	1442	1530	1299	983	1327	1748	899	685	560	853	846	644	1038	1062	545	787	2052	962	1537	1660	1580	389	974	733	788	1170	1307	952	504	1038	985	801	832	1327	1614	476	1055	921	811	522	710	869	759	1076	985	528	453	748	710	1129	1486	1058	461	1202	1153	1094	436	1416	1647	767	349	1091	463	741	758	727	155	345	505	384	363	647	553	684	818	821	691	535	916	1063	1196	1844	531	754	635	499	766	863	699	456	1326
704	814	810	2008	1636	538	1188	816	1119	1583	1669	1947	328	1680	1021	761	699	643	1460	1228	739	1571	1543	662	501	2089	1093	1956	1370	1051	945	632	514	1275	1892	1382	1061	783	1775	1519	1463	770	1728	1921	766	622	1456	846	874	707	838	655	700	1658	567	1039	738	748	1273	1720	604	897	965	869	1493	844	1144	718	1028	881	1043	650	1063	869	1034	336	639	623	626	651	746	822	714	531	1100	1088	929	1147	1862	1814	1720	639	731	949	730	946	733	774	1545	1744
805	870	1003	1435	1692	301	874	976	1284	1197	1555	1643	1567	1785	1304	461	687	1044	1004	1065	1030	1528	1872	809	1148	2018	1738	2191	1519	1068	716	1148	547	1074	1784	1490	1403	543	1968	1604	979	960	1822	1582	733	967	858	1283	642	743	1135	996	1029	2142	548	1069	967	823	995	1223	1611	685	1392	1175	1129	1130	873	442	1216	1438	2194	679	911	1309	868	511	527	539	518	518	645	790	891	815	553	880	1275	1149	1454	1575	1795	515	861	929	438	986	1050	1294	1738	1597
747	839	1124	1945	1168	189	1165	1128	1159	1385	1542	1647	1180	1524	1904	821	1108	814	897	1001	653	1262	1442	772	903	1669	770	2120	1407	1106	598	990	383	1232	1372	1409	1550	1080	1164	1224	1028	699	1092	1332	577	1099	832	761	180	783	680	601	1189	1346	779	548	887	583	802	1325	485	554	1598	1225	1168	930	1280	777	860	892	1381	342	642	1028	1180	670	651	203	332	828	578	942	981	616	943	871	1104	1067	1563	1630	1095	519	836	622	350	635	1150	798	1580	1788
773	1237	914	1620	1858	460	1011	1184	1220	1781	1478	1883	724	2203	1367	994	890	816	1017	1259	693	1021	1408	619	960	1924	1820	2016	2031	800	899	1168	1125	1181	1870	1282	1276	599	1219	1795	1113	1286	1430	1798	555	905	1149	714	1007	782	929	770	1500	1565	531	508	796	522	1098	1870	1829	806	1346	1540	1200	1106	1057	1240	1742	588	1911	706	879	1059	1346	575	944	367	492	686	528	724	671	680	928	1397	1119	908	1998	1429	1996	799	935	927	312	679	1475	1559	562	1880
689	1523	794	1380	1654	197	1103	1194	1144	1736	1843	1264	1204	1625	1367	914	730	1209	1018	713	655	887	1376	694	908	1538	1126	1603	1725	1407	1050	887	813	800	1410	1426	1288	338	1229	1390	1411	1786	1594	1362	136	1197	833	1392	780	1004	533	948	1184	1401	547	776	1137	638	468	1961	1314	721	1520	1549	1250	1186	1406	1060	951	1838	1250	551	793	579	1184	571	495	515	595	425	612	849	1011	708	1134	963	847	1095	1709	1788	1326	423	492	606	808	567	1123	758	725	1873
541	1290	1406	1198	1902	157	818	769	1569	1665	1602	1362	918	1333	1451	1044	589	634	935	1220	827	1405	1448	732	908	1905	1029	2123	1394	1774	1066	710	1074	735	1660	1584	1089	819	1647	1507	1313	1736	1700	1926	501	1023	1333	981	647	994	974	813	1243	2367	671	1053	408	866	933	1838	1414	793	1297	1790	1547	1079	1810	1301	1471	963	1584	1070	576	1332	955	361	441	694	658	713	655	740	1021	927	1016	1350	741	1145	1867	1862	1703	736	1089	934	1302	744	1381	1396	520	1551
625	1207	727	946	1605	401	937	378	845	1745	1119	1111	741	1240	1423	655	806	632	959	1072	642	1296	802	596	740	1518	939	744	1123	1230	635	1135	841	503	1100	1663	745	654	660	1114	829	1182	880	1079	400	409	726	676	423	704	661	687	1229	1132	797	530	309	817	565	1505	604	638	1261	887	992	832	1064	873	1157	914	1239	556	523	625	670	668	380	402	617	288	598	571	447	590	1021	813	1327	854	1289	1013	1561	545	942	850	826	735	981	435	489	1657
911	1273	1060	1324	1795	37	960	1226	803	2058	1687	1707	847	1429	1007	881	991	953	1129	928	886	760	1721	708	1277	1804	1287	567	762	915	680	929	812	1040	1420	1520	1371	676	1373	1217	954	1531	1231	1712	639	1300	1012	1037	844	976	561	963	1135	2269	588	595	297	804	736	1470	1259	751	1582	979	1412	1052	1177	642	1132	517	1630	729	291	694	1296	313	461	574	707	628	776	877	665	449	1061	721	996	508	1534	871	1695	764	1086	821	1001	812	1303	920	864	1414
696	926	895	1225	1831	200	825	958	1324	1627	1820	2011	678	1362	1197	508	629	945	947	739	779	929	1538	460	919	1717	1181	1019	1403	1323	770	1148	869	665	1592	1225	1212	502	1212	1197	841	1603	1505	1726	597	1256	1000	696	706	806	789	752	999	1375	484	861	385	1037	408	1752	1266	595	1206	1049	1298	872	977	738	1063	606	1630	531	391	737	898	640	612	569	336	580	675	720	995	826	768	752	557	480	1519	1314	1324	587	957	1096	741	453	1223	770	1127	1057
602	902	973	1209	874	192	833	765	1059	1532	1565	1154	1119	1807	1537	792	1068	662	1386	642	829	968	1459	714	940	1780	1166	1486	1509	1231	1321	721	896	1033	1151	972	1430	810	1742	1468	779	1302	1174	1365	616	1186	576	782	558	697	614	896	798	1575	352	788	266	660	737	1551	1361	809	1716	1376	1418	794	1256	1078	1298	606	1550	372	873	724	1248	377	490	375	342	447	645	892	599	520	616	834	554	537	1914	1142	1596	479	770	862	925	789	1098	827	1054	1111
797	1386	1205	1406	1459	216	907	1068	1362	1663	1574	1419	686	1158	1406	791	760	843	1255	653	442	936	1272	851	1120	1929	1093	1873	1616	1071	550	993	614	883	1511	1307	1689	1008	1847	1148	965	1118	1649	1164	709	889	979	1175	705	610	803	626	975	1162	631	986	680	759	941	1572	1752	704	1201	1219	1263	243	1019	1518	1324	1362	2212	398	542	1007	806	356	802	486	488	553	742	704	745	393	952	1344	889	536	1322	1115	1755	477	1089	725	812	516	1220	988	1359	1738
693	1289	1132	1375	2056	52	1122	842	774	1436	1784	1452	590	1211	945	957	907	735	1053	627	365	1440	828	661	1002	1923	1055	2024	1519	1085	613	847	440	718	1334	1585	1577	552	1125	1358	492	1457	1240	1752	375	713	1100	860	642	1022	742	677	1829	1358	680	1252	514	787	690	1415	1386	748	1477	642	888	493	1556	1207	1294	1617	1943	604	442	1053	962	614	376	337	436	715	767	914	589	725	779	684	1143	502	1043	542	1273	579	862	949	1089	781	1081	781	1306	1557
520	1103	898	1211	1725	20	743	865	1082	1642	1447	1026	566	1510	1153	405	660	823	1105	840	700	1059	890	511	998	1655	851	1513	1347	1268	924	892	316	933	1638	1279	1322	1021	1287	1023	948	1214	1237	1518	416	1138	731	1044	441	530	450	1073	853	1508	671	614	718	1004	771	1377	950	548	1327	884	990	430	1361	787	1079	1559	1318	740	499	682	899	439	386	710	434	476	590	603	216	635	877	559	972	721	1801	1121	1324	503	994	626	722	609	1013	853	1025	1565
630	1102	1139	1910	1212	527	853	990	1427	1125	1897	1186	740	1336	1714	418	538	841	1127	836	653	993	1600	711	819	1903	909	1915	1111	1346	710	1016	892	679	1454	1316	1291	1017	758	1577	993	1316	1349	1418	328	993	718	865	544	821	261	1068	870	1305	435	776	615	819	334	1615	783	470	1202	1311	1122	643	1256	1527	1054	1139	1250	473	513	615	680	315	643	469	280	792	292	987	431	697	1043	904	1084	948	1787	1677	952	562	764	547	1308	880	1116	828	1073	2079
973	1014	1054	1543	1815	279	1022	620	1295	1418	1470	1569	1020	1430	1075	725	887	804	932	724	934	963	993	912	829	2316	1616	1353	990	1228	994	689	995	501	1420	1287	1294	1190	745	1473	643	1248	1647	1492	496	673	786	824	479	1065	633	697	558	1625	715	578	829	1037	978	1875	583	765	1495	1197	1037	908	1091	1292	1064	1612	1696	500	705	834	1059	556	508	626	446	688	522	627	672	691	1108	1199	987	908	1612	1421	976	630	859	792	686	440	1132	1032	1191	1438
668	922	1040	1558	2263	275	685	897	1374	1811	1588	1347	897	1182	1186	758	807	747	1196	989	859	1367	1143	506	1073	1920	1332	1404	1076	1552	923	831	521	479	1218	1403	1633	1588	639	1105	481	1210	1614	1569	628	776	895	502	718	851	823	657	1080	1644	706	404	1053	697	1701	2089	1190	889	1632	887	1075	1186	1349	1193	768	893	2026	571	788	954	617	916	528	527	417	589	598	905	464	501	774	1000	1214	1194	1582	1482	1580	451	1094	541	829	707	1169	1320	1671	1694
917	1595	1055	1249	1546	262	943	1132	1282	1127	2104	1171	1183	1403	1483	514	928	745	1332	1079	557	1466	1267	529	529	1573	884	1663	1030	1538	1105	622	918	594	1343	1951	1372	1528	568	1409	1169	1455	1626	1713	703	973	1139	903	675	1277	843	803	1449	1527	525	868	641	779	1315	1160	687	864	1444	1616	1596	1243	1483	1618	1362	1007	1633	429	648	897	1011	650	808	490	455	655	581	944	800	479	731	842	758	981	1625	1280	1198	384	802	892	856	909	1412	1425	1374	1626
880	999	929	1545	2183	410	926	1006	1532	1532	1732	1290	864	1323	2037	928	962	681	1708	579	790	1456	1425	737	1022	1936	1455	1803	1677	1389	889	586	626	833	1608	1188	1531	1510	610	1577	1016	1709	1856	1687	669	683	1126	601	609	888	1190	762	1097	1603	562	823	893	1103	1716	1780	1731	536	1603	1298	1239	1081	1674	1913	1223	1740	1624	599	830	927	735	214	607	300	322	515	756	761	782	570	756	1069	1397	794	1917	1139	2114	728	871	1142	736	807	1454	1390	758	2148
987	1220	877	1687	1498	413	1060	1107	706	2039	1868	1609	927	1490	1760	1006	929	744	1340	945	539	1625	1071	433	889	2069	1019	1593	1552	1208	735	937	455	1020	1110	1798	770	941	709	1661	1145	1210	1367	1524	298	782	948	1032	488	906	618	899	1107	1916	574	898	813	772	990	1283	808	801	1862	1124	1227	647	1753	1766	1038	1619	1423	462	688	786	1193	280	681	322	532	524	425	707	818	616	980	800	1078	700	1420	1436	1364	959	599	1036	784	607	794	1216	1093	1821
1225	1137	857	2012	2110	798	1069	1086	1063	1861	1807	1742	1213	1707	1231	1059	825	1096	1365	1086	935	1372	2035	948	936	1514	1312	2198	1441	2102	813	966	758	1112	1533	2195	1303	1181	699	1529	860	1721	1755	1720	877	884	931	1015	572	1128	731	1158	943	2041	801	570	970	1113	1230	2087	1224	609	1549	1529	1224	1121	1529	1899	1657	1129	1617	1034	899	953	901	553	619	1000	478	626	915	1296	1202	1069	1076	1026	967	1594	1760	1609	1701	322	768	1053	1253	829	1221	1169	1252	1669
738	1306	1460	2683	1548	719	1417	1152	1259	2064	1507	1609	1406	1900	1977	995	828	1054	1511	1439	1250	1519	1543	1058	1123	2414	1608	1674	1774	1429	728	671	1013	1693	1879	1263	1795	2058	830	1758	1159	1496	1835	1517	919	1137	1048	1317	978	1033	807	1223	1367	1823	1010	935	943	920	894	2604	1533	1025	1733	1783	1837	953	1477	1864	1577	976	2006	936	1096	954	884	580	1274	482	542	938	716	776	921	1087	936	1015	1343	1413	2321	1645	1247	648	775	918	912	1291	1522	1106	1351	1309
1155	1152	835	2245	1612	644	953	1125	1644	2152	1630	1520	1755	2214	1702	1015	867	995	1361	1306	704	1298	1776	933	1094	2229	1341	1758	1516	1707	432	1031	955	1121	2075	1562	1135	1558	798	1577	1098	1727	1504	1741	758	662	1406	1563	693	1103	1135	956	1174	1163	368	1000	782	975	1821	2272	1812	1058	1452	1792	1538	1345	1570	1187	798	390	1284	644	1019	623	1657	578	685	603	531	869	664	1091	932	687	1142	887	1119	1425	1842	1592	1944	620	600	1457	712	1081	958	1017	1638	2116
1030	1669	1284	1876	1194	650	1176	763	1143	1582	1878	1372	1127	1962	1679	1266	846	1199	1521	1105	1005	2032	1172	686	878	1737	1218	2126	1768	1718	540	796	876	1125	1520	1961	1431	1397	1207	1467	1123	2139	1068	2105	910	532	1406	784	758	843	744	1009	1222	1742	583	1349	846	677	952	2221	1523	904	1644	1288	1207	1090	1053	1682	1638	705	2264	762	777	764	1137	478	504	755	489	823	588	688	938	1045	1240	1275	954	1656	1433	1323	1531	386	922	1008	337	1192	986	1514	715	2042
1164	1093	1346	2118	2194	405	928	1369	907	1729	1624	1793	1354	1970	2114	1181	1218	1107	1912	1542	1198	1137	2050	783	799	2464	2079	1895	1556	2488	1003	1034	1060	1378	1763	1993	2348	1696	1957	1882	1823	2380	1898	1972	571	545	1292	1235	915	831	1216	1093	1571	2192	975	735	422	1062	1534	1108	1890	1296	1897	1398	1995	1247	1617	1149	2107	1210	2469	792	1123	1167	1480	324	859	466	633	659	1204	886	1140	854	1074	774	1327	1463	2015	1737	1969	590	852	905	1523	1087	1472	2293	908	2271
1009	1236	1107	1951	1762	774	832	1029	705	1835	2295	1275	1260	1534	1553	840	1062	1077	1315	1077	1100	1314	1396	963	1459	1962	1702	1872	1681	1627	1337	1205	1271	1164	2613	1735	1844	1648	1932	1865	1071	2140	1549	2077	883	779	1108	1052	903	889	1121	1077	1325	2237	1028	713	880	863	1568	1905	1977	892	2032	1100	1988	894	1863	1011	1535	1250	1874	690	807	1061	842	701	400	765	834	675	1011	820	693	1062	1050	1284	1376	1231	1676	1647	2087	735	909	1221	1166	862	1387	1029	514	1939
816	1184	979	1476	1599	689	1093	1060	1022	1705	1884	2315	924	1779	2105	1242	1232	612	1339	1193	1053	1079	1832	635	984	2354	1590	2225	1407	1413	940	1307	872	1103	1550	2241	1017	1553	1142	1387	1224	1763	1240	1461	380	353	593	1254	651	940	1147	764	1058	1648	763	618	951	1008	1572	2059	1574	1055	1504	1656	1220	1183	1971	689	1249	1509	1747	774	1064	1065	1178	560	596	673	696	720	793	953	975	946	1279	974	976	1712	2024	2139	2155	894	820	473	919	1088	1415	1157	851	1774
712	1465	1055	1632	1954	207	745	1011	1344	1568	1800	1605	1017	1957	1942	945	1046	901	1633	933	660	1701	1782	421	730	1920	1592	1669	1541	1774	747	1091	950	1165	1706	1359	1951	1750	2083	1880	1489	1716	1109	1811	432	435	836	1145	546	1035	690	753	886	1306	984	1039	701	965	1509	2121	1092	1166	1441	1089	1407	937	1826	1553	1262	584	2061	771	1040	1007	910	573	583	708	335	487	691	701	759	573	1262	803	870	1335	1514	1819	1264	679	1146	666	633	1149	886	1383	777	2215
1238	1439	1174	2375	2185	447	1130	1295	1611	2178	1922	1036	799	1396	1486	955	991	783	1667	1326	1144	1217	1474	745	1081	2168	1379	1868	1166	1323	702	650	1301	1111	1885	1392	2136	1752	2123	1591	1086	1928	1684	1953	794	548	793	893	585	813	884	723	1137	1258	808	962	530	918	1328	1805	1596	812	1628	1396	1568	1193	1565	1931	1038	1430	2117	448	966	1195	831	728	583	626	330	415	1019	669	1078	981	907	998	1448	1632	1777	1475	1995	341	1143	506	1067	879	1434	1456	685	1782
897	1105	985	1951	2054	528	976	1159	1198	1997	1942	2159	1251	1452	1625	1230	837	1128	1491	1026	898	1487	1794	861	1143	2415	1407	2063	1645	1340	987	1107	1332	1294	1521	1799	2572	1631	1472	1034	1127	1713	2072	1512	872	634	1111	1404	535	778	799	1029	1394	1458	470	899	399	1045	1570	2127	1821	1042	1696	917	1904	1063	1632	1854	1260	1409	2219	462	1163	1238	1027	690	575	525	328	414	688	1037	1050	924	845	885	1332	1199	877	1759	1823	661	913	1077	721	803	1319	841	797	1498
665	1065	935	1566	1636	364	616	1146	823	985	1290	1208	531	1645	1186	1346	790	811	1185	881	1018	827	1445	709	786	2013	839	1314	1769	1544	639	710	827	1302	1190	1368	1601	1238	1319	1373	697	1293	1691	884	413	523	945	818	497	690	520	971	913	1682	682	679	423	800	1098	1959	1774	827	1509	783	1214	1081	1844	1204	1571	1243	1489	581	838	762	830	577	752	531	179	705	525	1004	442	815	952	947	468	1248	1054	1642	761	604	588	729	1293	879	1073	534	632	1846
1020	1092	1472	1651	1926	436	851	832	1229	1533	2003	1378	933	1486	1575	968	861	1207	1039	1138	876	1079	1267	776	998	2350	1556	1676	1657	1458	1133	940	1045	967	1709	1698	1566	1438	1617	1748	859	1858	1398	1394	725	411	825	1056	546	846	877	1171	598	1739	595	921	811	923	1795	1913	928	749	1102	1026	1057	938	1322	1630	1370	1412	1900	726	735	1010	960	360	478	400	453	585	586	1019	744	783	1153	1313	697	1011	872	1105	1651	834	449	1424	986	857	1560	1168	1339	1672
868	1424	1298	1518	2371	318	1169	1241	971	1658	1343	1701	1122	1995	1484	552	1202	804	1119	1327	808	1438	1566	668	1004	2163	1311	1365	1515	1018	1244	781	1174	1073	1664	1745	1420	1337	1520	1554	847	2092	1510	1732	621	454	1143	743	593	572	950	978	956	1922	424	894	922	1021	1437	1592	1421	583	1668	1216	1202	1463	1540	1775	1183	642	2150	1052	673	1115	1104	497	524	432	553	830	751	827	1042	935	797	680	405	1203	1480	823	1676	732	1023	793	1025	1094	1198	1463	1404	2136
902	1210	1669	1562	571	497	732	1091	1350	2094	1742	1178	879	1615	1410	965	767	719	1004	1080	836	1009	1066	881	1016	1869	1528	1866	1110	1655	491	556	810	1012	1480	1914	1472	1507	1479	1702	921	1518	1373	1152	363	425	1006	924	438	978	677	980	295	1838	734	705	978	908	1438	1526	1629	918	1695	1181	1429	1193	1602	1729	872	688	1770	420	572	679	925	688	438	276	669	754	597	920	1085	628	748	905	1123	1407	1994	1150	1571	593	643	913	1105	554	1319	1058	1574	982
922	873	1459	2246	1009	563	1016	926	1091	1689	1472	1320	1019	2348	1072	924	895	455	1132	890	882	1753	1735	477	890	2023	1029	1958	1410	1262	856	1260	1332	1183	1241	1491	1429	1705	1597	1455	999	1697	1329	1744	736	280	759	965	495	844	984	722	465	1434	334	1073	879	824	1398	1987	1308	570	1499	1121	1599	1125	1749	1587	711	375	1738	442	911	912	1325	712	712	431	557	647	883	917	1069	560	765	1034	1077	1102	1614	1738	1204	651	604	987	1065	682	1808	969	1028	998
793	988	687	1723	1048	748	1038	685	966	1499	1303	1208	1149	1762	2061	922	922	700	1023	1262	700	1226	1608	726	826	1772	1102	2019	1099	1427	1032	1023	910	735	1987	1453	1531	1340	1404	1700	1170	1582	1311	1484	465	423	683	870	704	527	467	761	1374	1658	580	739	870	1057	1045	1864	1425	653	1539	1400	1103	1095	1559	1218	1371	934	1623	543	796	666	1196	683	266	323	309	550	916	805	613	639	1285	1306	942	1028	1266	1143	1373	538	641	919	1018	917	999	1218	1109	2177
851	1113	1208	1445	2410	607	1010	1327	1349	2014	1809	1280	441	1872	1483	1039	712	800	657	1019	854	1154	1830	503	638	1655	1080	2032	1825	1281	861	1091	953	818	1630	1577	1503	1263	1619	1380	1071	1557	1160	1343	677	565	731	1185	391	790	750	1048	1221	1139	433	1002	903	1034	1321	2222	1611	560	1604	1222	1651	841	1706	1381	1496	1313	1817	590	815	917	791	497	640	531	506	851	846	797	866	852	1323	1344	858	1343	1641	1553	1977	688	523	949	714	807	1405	994	1287	1707
861	1284	1294	1742	1870	363	1085	851	1049	1444	1514	1358	909	1153	1293	762	661	898	1064	927	682	1169	1805	494	963	1692	985	1623	1444	1873	500	829	852	1014	1427	1196	1301	692	1471	1427	1231	1503	1647	1625	573	671	895	920	362	749	806	868	1188	1814	775	642	383	591	741	2464	1586	913	1610	1548	1324	1018	1154	1682	1485	1250	1639	383	980	768	927	639	588	345	496	518	688	806	907	961	1105	968	1516	1210	1435	2577	924	650	608	886	619	1114	1753	1336	1338	1672
485	1130	1394	1202	1639	649	1001	923	1487	1738	1602	1360	1097	2056	1391	1101	1061	642	826	1146	1242	1410	1189	356	1026	2499	1477	1695	1191	2191	909	864	922	867	2006	1624	1449	867	1242	1098	1011	2068	1380	1978	809	482	1366	879	581	833	945	943	721	1272	876	938	645	957	469	2520	1893	804	1613	981	1480	898	1484	1745	1149	1581	2062	430	824	750	928	527	472	398	401	793	669	872	895	505	1146	926	847	1264	1555	1570	1409	505	683	737	774	851	1489	916	1772	1322
905	1021	1162	1378	2044	437	1028	1243	1052	1316	1594	1675	1144	1820	1586	867	976	725	668	892	776	1555	1185	430	811	1786	1382	2062	1172	1258	751	836	773	837	1924	1355	1545	833	1208	1486	1016	1485	1096	1419	647	722	830	1265	829	646	711	560	989	1382	654	587	722	909	513	1720	1764	454	1584	1121	805	950	1365	1411	1527	1603	1875	680	708	787	770	463	497	428	508	519	822	855	739	714	941	936	626	751	1325	1048	1793	829	1073	733	866	579	731	1300	942	1848
894	1344	1108	1733	2727	429	1293	1035	1330	1810	1494	1400	1072	1573	1440	888	966	952	811	1058	865	1215	1263	685	918	2407	1441	2030	1584	1502	643	991	1329	1249	1925	2109	1572	748	1313	1435	894	1293	1504	1792	554	957	979	1115	753	637	550	749	1233	1571	698	1235	860	1257	555	1857	1687	1159	1594	1485	1420	709	1712	1664	1768	920	1738	757	1030	1013	947	401	452	514	650	772	661	981	1167	1026	854	1148	1050	1517	1500	1952	1575	748	916	1048	750	834	1470	1283	1094	1945
1085	1433	1404	1992	1222	648	1174	796	1435	2696	2072	1830	948	2108	1658	1131	1090	1388	1102	767	892	1425	1159	639	837	2471	1377	2521	1443	2012	755	530	1216	856	1442	2018	1648	953	1787	2004	1046	1713	2227	2268	782	1069	633	1149	594	1069	1004	773	898	2290	570	964	1010	878	871	2487	1656	1034	1520	1439	1141	1080	1402	1223	1539	1502	1308	550	864	970	716	357	432	994	801	551	929	1154	1042	910	1464	1201	1144	1483	1760	2096	1987	313	958	1012	1236	1103	1378	1337	1652	2429
1070	1102	1182	1902	3145	553	1272	1407	965	2661	1903	2033	1102	1647	1713	875	983	1083	1178	1344	883	1500	1817	851	1458	2409	1557	2714	1565	1304	872	968	847	1634	2327	2401	2062	842	1656	1906	1296	1822	2061	1463	625	1217	893	1232	1061	1078	812	980	825	1874	849	894	716	894	920	2224	1929	1325	1578	1681	1542	1173	1055	1954	1488	919	1642	669	1109	899	1027	756	447	766	442	682	1077	1131	857	622	1035	999	1043	1546	1705	1966	1985	361	814	774	991	859	1257	1335	1269	2381
646	1133	1103	1817	2298	358	971	1208	871	1817	1320	1466	930	1469	1164	900	1004	928	889	719	1021	1346	1536	678	982	2355	1549	2025	1453	751	624	989	811	735	1647	1659	1227	452	1581	1298	964	2101	1158	1940	560	742	586	1157	792	841	915	941	1018	2150	504	353	410	624	595	2053	1601	731	1606	1373	762	1113	1705	1633	1388	1096	2119	325	902	975	817	569	803	505	363	481	831	736	915	422	964	1116	1111	1337	1923	1821	1302	384	292	878	934	809	1067	1118	1327	2395
532	857	640	1576	1701	359	922	1119	1684	2216	2019	1776	1142	1045	1730	756	740	720	930	873	1027	1753	1506	602	748	2022	1113	2226	1722	1518	897	739	745	808	1619	1306	1437	799	1492	766	846	1709	994	1959	742	854	1104	1164	582	862	657	898	1456	1681	502	731	322	1063	676	2266	1480	637	1420	936	1071	1276	1628	1621	1538	1132	1484	455	565	683	897	335	379	234	590	611	687	864	529	629	706	959	1412	1098	1818	1352	1159	436	902	765	772	1068	1551	1271	1209	1865
1223	928	1294	2174	1499	594	1290	1063	1406	1855	1683	1478	900	1898	1588	1076	360	784	1027	769	1031	1511	1339	888	989	1738	1982	2257	1259	1689	1151	1121	1042	1123	1565	1313	1678	804	1608	1499	1194	2025	1284	1799	620	414	972	1074	530	866	817	1149	1213	772	684	656	546	1153	740	1927	1041	972	1062	1203	1718	1374	1475	1768	1488	2146	1900	613	844	861	1414	515	614	382	557	545	770	1277	1021	676	1027	932	1464	1186	1570	2105	1864	649	977	761	1014	738	1480	1735	1549	1743
1086	1040	1107	1754	2516	870	1128	840	815	1944	1574	1410	919	1751	1796	1348	918	736	1226	1220	929	1423	1504	711	897	2365	412	2067	1079	1671	744	1093	1228	960	1457	1567	1747	620	1396	1775	1183	1817	1141	1098	480	433	984	1156	352	824	851	857	1207	1838	457	413	954	1201	514	1791	1481	812	1632	1443	1425	570	917	2020	1247	1300	2266	406	739	1012	785	671	523	488	645	730	753	924	738	693	1012	704	1031	1008	1860	1532	1698	771	1407	966	1130	883	1075	1076	1494	1250
538	1065	886	1371	1875	152	939	829	1210	1278	1489	1023	634	1754	1240	673	787	673	1038	978	934	869	1407	703	890	1970	1519	1836	1032	1089	353	878	627	893	1235	986	1238	939	1894	1584	925	1308	948	1264	295	295	675	799	511	711	822	427	888	1323	778	772	471	759	856	1262	1423	432	1126	917	1162	585	1217	1545	862	631	1277	466	794	1084	821	583	629	288	428	631	626	568	783	619	1070	895	1231	900	1109	1452	876	440	719	1175	941	478	1127	1141	802	1318
816	1235	909	1426	1680	307	709	826	1161	1877	1003	1821	806	1618	1769	1007	671	633	603	1370	528	1011	1519	668	860	1315	694	2155	1256	1523	487	707	797	1628	1423	819	969	673	1240	1226	689	1778	1454	1608	505	91	990	868	579	627	1069	781	872	1725	515	485	364	946	1027	1989	1387	851	1038	1441	1378	996	1354	1291	1126	1320	1538	348	940	953	851	653	304	498	154	431	915	945	476	525	961	1274	1123	1403	1583	1402	782	448	832	709	718	534	1095	1085	785	1824
782	974	759	1503	1382	253	921	991	1007	1728	1391	1058	735	1534	884	720	1030	804	1196	1035	717	1408	1715	480	886	1351	365	2007	1052	1465	632	482	930	781	1540	844	1494	952	1347	1733	1022	1686	827	1575	436	359	1217	727	525	688	491	701	1136	1678	417	671	805	758	1084	1511	1093	377	1406	1247	1024	1284	987	997	999	530	1588	923	1004	1330	1221	437	619	443	630	551	965	1153	753	585	839	994	919	1032	1373	1248	1669	414	493	739	912	531	1102	1024	1167	1713
748	1261	1307	2003	1306	479	707	855	1100	1626	1524	1954	677	787	1706	1004	931	867	848	970	642	1305	1079	577	1067	1772	1148	1663	1288	1553	533	466	993	1345	2053	1338	1744	904	1530	1286	1497	2063	1745	1909	814	394	807	866	574	904	812	913	1377	1432	693	712	893	1134	567	1964	1992	952	1569	844	1425	1400	1728	1123	1507	992	1874	469	808	525	1004	465	346	533	637	549	762	690	887	984	726	1238	902	1633	1685	2075	1335	697	654	1304	1083	815	729	1029	865	2110
716	845	1009	1392	1631	212	716	1168	1106	1487	1788	1294	747	884	1738	1265	882	750	1305	651	719	1025	1122	525	846	1991	1361	1696	1459	1300	635	461	919	922	1278	1056	1248	936	1213	1148	664	1760	1668	1451	654	559	728	927	629	719	664	1006	1111	1385	600	1206	616	967	1241	1368	1195	727	1122	1189	1225	1202	1097	1686	691	652	1553	436	988	651	961	392	192	498	421	396	475	693	805	563	722	770	941	1230	1393	1320	1569	405	373	891	812	471	1245	1025	1346	1764
910	1411	941	1914	798	428	492	645	629	1305	1740	1675	476	1240	1384	685	908	615	1538	1013	792	1197	1206	492	936	2100	1199	1775	899	1571	908	898	517	958	1917	1125	1167	662	1504	1496	841	1696	1363	1557	550	833	702	747	668	514	932	533	966	1723	431	1076	572	482	1145	1994	1229	350	1222	839	847	788	1501	1555	1105	516	1692	938	1082	1207	872	568	405	447	896	809	751	715	497	402	205	981	754	1170	1556	1781	1365	615	621	921	719	778	1267	1301	646	1126
920	1425	1095	1660	1228	463	910	463	1087	1417	1043	1792	1144	1362	1129	594	1129	698	1471	1272	548	1112	1013	731	774	2249	1285	1751	1346	1146	998	516	574	1244	1627	1289	762	1074	1055	1446	1011	1490	1050	964	695	639	1060	1176	490	605	703	687	779	2021	665	915	714	894	1304	1695	911	367	1351	1342	1279	1257	1278	1280	1214	1098	1331	424	569	762	1057	424	385	278	570	518	554	770	851	566	1040	864	1207	1147	1210	1416	1079	335	318	666	487	688	909	945	894	2143
918	752	1212	1630	877	878	933	657	908	1641	1448	1818	794	1650	1825	1057	770	681	925	941	1121	1278	1536	735	805	1685	842	1320	1199	1081	552	553	1179	1222	1723	1126	1195	951	1674	1634	1039	1280	1361	1311	498	1226	979	1045	591	818	614	1086	1124	1355	445	877	1073	879	1222	1952	1915	437	1351	691	1106	946	763	1305	1112	215	1657	365	1119	764	632	443	563	180	321	544	858	586	832	856	975	825	921	890	1532	1719	966	378	989	745	997	743	1168	1278	757	882
875	1358	1140	1560	957	415	864	724	1082	1711	1718	1519	752	2105	1683	1196	835	666	1138	875	1076	1438	1689	958	1143	1759	1166	1681	1345	771	807	348	934	952	1490	1555	1684	572	1630	1649	902	1100	1667	1081	633	1010	593	1119	882	830	673	728	710	1580	805	626	670	1033	1174	1796	1442	420	1371	1446	1224	543	866	1558	1164	1114	1371	611	990	840	1050	679	800	301	701	639	776	578	771	699	1005	810	730	1285	1776	1358	1133	565	1175	594	1054	827	1487	1575	511	1766
1303	1000	1180	1536	1066	651	1144	812	1694	2133	1691	1376	1008	1794	2137	772	1075	1349	1878	890	1090	1961	1938	593	1051	2795	1869	1500	2078	1060	1052	423	777	1034	1730	1524	2053	443	2174	2188	1498	2319	1477	1562	886	1161	1206	1145	844	1085	753	1012	1382	1866	832	1350	593	1156	1282	2243	1493	562	1642	1111	1812	1272	1225	1244	1827	1703	2303	604	970	1354	1455	1038	686	380	982	600	734	986	758	1170	1012	956	1517	1001	1437	2229	2397	911	1452	1034	1234	1122	1397	1299	1302	2352
1101	1564	1101	1819	1295	319	1511	829	1434	1668	1819	1621	1007	2020	1740	1213	757	844	1039	853	725	1884	1474	660	1010	2411	1319	905	1855	1604	1182	476	1041	841	2213	1875	1838	1827	1887	2350	1552	2038	1738	1521	658	1059	655	792	682	960	636	674	1132	1829	790	648	1063	912	1096	2215	2099	828	2093	1067	1248	495	974	1506	1638	1153	1798	739	988	1113	957	579	649	892	467	988	558	963	588	770	1480	919	1111	1121	1731	1971	992	751	1160	1162	732	880	1470	1176	1569	2114
1014	1271	1158	1791	1316	531	1109	1072	1339	1724	1972	1834	1157	2078	1930	770	902	947	1596	1110	998	1255	1354	1078	892	2039	1389	1039	1471	1365	593	321	1126	778	1935	2264	2023	2358	1712	1309	1358	1338	1702	1811	613	343	866	1285	706	1006	849	1207	1600	2166	707	638	987	1008	1857	1656	1680	589	1294	1354	998	510	1371	1485	1281	1305	1367	577	1172	948	1044	359	660	437	681	527	710	936	327	871	1057	994	900	1432	2114	1695	1763	573	934	678	952	755	1648	1325	1058	1840
558	1524	1153	1139	1926	251	768	676	931	1392	1044	1475	868	1659	1379	733	1023	618	776	1082	669	1403	1117	582	1308	1761	820	1793	1375	1317	748	474	772	1048	1149	1499	1424	1992	1116	1454	977	1397	1404	1324	481	258	693	656	858	408	542	729	1037	1639	330	645	819	568	1216	1147	1453	610	1485	962	1387	996	1667	1203	1141	489	1571	705	602	972	848	655	836	501	416	262	745	428	593	822	812	1092	927	932	1913	1000	1325	501	292	651	948	571	1197	1014	903	1429
728	842	869	1637	1839	644	994	734	1303	1702	1454	1201	755	2351	1417	602	1044	1045	974	781	728	1477	1179	348	822	1967	854	1729	1575	1191	725	960	800	746	1586	1515	1390	1152	1506	1455	975	1745	1360	1212	739	227	918	774	396	580	830	914	840	1907	335	215	691	749	1355	1321	939	1144	877	1206	1250	1068	1365	1327	1179	835	1298	352	820	1074	612	569	405	353	608	633	567	610	765	402	1249	581	712	1243	1765	1076	1465	407	762	622	1030	1186	1486	1193	956	1480
737	1415	494	1386	2154	429	805	694	1328	1350	1112	1471	840	1127	1281	918	837	591	855	916	557	875	1261	298	969	1791	1414	1583	746	933	618	492	932	1187	1763	1061	1081	1437	1346	1506	929	1546	1451	1039	601	371	1033	957	540	722	492	534	1222	1214	519	401	980	605	1456	1960	1339	750	1269	1578	1289	800	1116	1205	1243	638	1322	510	982	547	992	680	542	559	735	519	970	417	606	782	701	1223	887	1204	1163	1644	1349	414	928	810	850	633	1154	1154	1061	1417
833	847	977	1870	2194	397	633	821	726	1803	1303	1275	999	2319	1112	739	779	712	1130	1036	642	1067	1240	368	962	1859	763	1374	1120	1038	929	1002	906	404	1429	1557	1409	1207	1422	1502	761	1238	1446	1209	614	597	1045	671	676	859	349	896	387	1433	406	346	824	912	1054	1258	1201	597	1463	916	1454	916	1575	1218	864	525	1697	728	973	829	1000	549	277	759	265	415	981	805	734	423	1082	713	1231	1149	1023	1205	898	679	840	621	917	655	833	952	757	1970
428	604	1172	1356	1238	562	1124	905	1267	1075	1402	1046	364	870	1380	507	760	970	1330	962	715	1443	1385	404	1076	1814	1110	1414	1162	1755	271	900	598	637	1393	1379	1452	1527	951	1237	663	1111	1032	2109	474	813	792	732	524	802	919	1041	871	1253	431	662	508	554	1269	2053	1890	797	1459	1151	1222	912	1231	1791	1080	1638	1270	498	996	903	882	537	566	303	597	612	672	887	688	435	952	643	934	1212	777	1444	1419	677	966	992	1110	671	1252	707	1064	1280
744	1161	1199	1183	772	310	743	749	904	1306	1234	1012	788	1225	1197	920	501	687	1389	949	402	1138	1373	558	1115	1717	603	1892	449	829	627	525	846	1030	1359	1072	976	1296	1039	1205	1007	682	1478	1581	480	1238	685	877	363	411	565	1037	746	1229	511	740	901	593	1085	1862	1911	674	1444	812	1133	1245	1546	1150	1408	1666	1435	458	558	599	767	360	780	492	365	636	480	828	906	660	975	506	724	1215	1398	1620	1637	672	240	869	965	576	1357	1004	984	1115
499	1073	921	1354	1626	464	826	483	1198	1249	1731	1733	979	1946	1147	207	441	1095	913	906	819	1309	1180	274	943	1862	1096	2108	935	1556	1003	580	574	828	1595	1176	1141	736	1787	1653	659	934	1415	1770	551	689	1142	827	547	597	980	732	798	1383	759	787	878	819	1358	1770	1662	943	1400	1271	1583	1222	1287	1415	1303	907	1572	460	989	683	938	510	601	628	512	549	607	660	971	584	1007	925	460	1048	1537	1231	1569	465	816	1156	737	935	985	873	1125	932
727	1461	1045	1907	1436	306	1062	559	892	1841	1421	1561	795	1627	1854	783	1001	1087	1379	971	709	1152	920	454	1038	2199	1913	1578	1489	1442	712	1118	1077	1098	2184	897	1437	1379	1028	1439	965	1418	1561	1642	964	760	942	975	688	904	1014	771	1101	1457	879	699	667	935	1260	1520	1668	761	1461	819	1349	1099	1583	1286	1458	753	2032	562	996	699	943	236	484	585	550	706	533	924	915	455	1024	1129	250	754	1625	1618	1891	462	842	587	816	849	1616	991	1138	1441
664	1367	1041	1217	1742	656	839	628	1186	2145	1519	1819	990	1898	1869	846	797	1147	1432	879	1301	1063	1263	1014	1235	2047	1152	1382	1897	1126	838	1037	1043	1183	2398	1400	1476	815	1547	1332	1098	1314	1671	2016	651	961	881	910	389	484	892	1250	1153	1847	769	1043	383	827	491	1951	1975	902	1433	981	979	909	1048	1962	1293	1175	1593	710	1088	798	1072	705	654	334	389	486	530	676	925	709	876	1460	790	1519	1639	1266	1835	704	538	624	1073	1219	1112	1286	1275	1394
790	1099	1250	1073	1383	242	851	883	1155	1992	1469	1686	951	1700	1232	724	1051	846	1202	951	586	1220	1199	783	1158	1748	724	1356	1052	1161	565	853	1080	1012	1862	1420	1226	1792	1046	1847	944	1279	1604	1518	745	1132	961	807	803	651	960	847	1195	1890	661	790	389	1319	620	1724	1727	998	1241	817	1461	1098	1176	1408	1287	1590	1705	778	1043	455	909	614	452	363	380	329	1061	742	738	817	908	1119	1265	1075	1444	1564	1176	629	645	1077	739	897	1451	929	1158	1021
1146	1049	705	1174	1369	237	976	1138	1066	2019	1789	1568	1378	1309	1455	1132	713	960	1080	1158	767	1509	1711	722	996	2305	1458	1301	1204	706	904	1118	1117	823	1750	1740	1298	1575	1779	1636	1151	1795	1645	1721	440	1036	1168	888	470	601	801	913	1179	2049	658	816	614	469	1182	1946	1693	599	1682	1318	1212	1278	1224	1632	1369	278	2108	816	1066	1497	936	432	452	326	649	505	762	1010	1186	887	759	1214	1005	1086	1609	1365	1577	420	925	911	898	799	1283	1276	1272	1946
594	1380	1122	1853	1604	348	721	1119	971	991	1601	1046	1144	1464	1231	1215	842	516	1300	1148	866	919	1663	519	770	1496	897	1845	1366	1836	790	839	1177	1127	1712	1128	1286	698	1611	1289	993	1061	1333	1363	663	1246	945	976	465	327	1039	838	1167	1579	513	941	484	854	1046	1717	1095	937	1143	812	793	1024	1202	1243	1310	174	1626	325	634	988	1011	545	545	632	620	760	541	759	706	349	789	877	980	649	1281	1601	1728	331	617	822	811	1012	1226	1651	1447	1704
635	781	852	1247	1386	355	687	508	963	1484	1727	1370	1114	1544	1113	666	736	649	989	905	340	1532	1121	345	1084	1503	928	1746	1558	1004	736	879	475	835	1017	1510	1374	739	954	1424	983	1409	1370	1561	536	656	854	667	510	585	486	714	1154	1594	404	730	714	632	1152	1291	1829	878	1017	916	1129	748	1630	1426	1521	1251	1179	759	822	553	892	528	593	607	291	617	852	646	517	729	1070	992	413	1206	1646	1181	1617	622	703	774	678	628	1276	1278	841	1319
608	823	688	1128	1286	322	735	1120	519	1394	1404	1523	1131	1416	1513	946	811	1311	1196	792	528	1000	1006	120	934	2096	1235	948	1247	1610	572	898	806	803	1722	1736	1664	1487	1649	1626	781	1348	1606	1615	935	929	1097	829	454	632	486	562	1138	1184	294	1186	379	823	1249	1675	1317	673	952	1441	1306	676	1080	1348	1059	1052	1483	593	876	736	678	551	531	602	445	764	772	777	778	683	1042	1140	481	1080	1594	1611	1730	532	880	918	1025	1190	1357	1175	1252	1892
830	628	1348	1442	1608	720	1283	1341	656	1394	1486	1210	1290	1731	1718	762	870	803	1283	996	571	1156	1158	263	1441	1575	1045	1201	1838	1219	966	726	968	1273	1486	1887	1514	1299	1136	1595	1064	1320	1202	1538	431	1032	881	1105	542	515	742	806	741	1168	317	795	726	1252	1352	1673	1707	805	1551	1016	1441	1068	1591	1637	988	548	1527	685	1025	694	1009	410	719	264	564	520	681	1334	674	598	1136	679	361	1122	1705	1635	1661	474	884	913	1057	722	1487	1140	1229	1970
